<<<<<<< HEAD
0 1408 81 74 72
0 1502 178 68 66
0 1405 271 73 73
0 1404 176 74 72
0 1309 275 68 70
0 1312 81 68 68
0 1504 81 68 72
0 1500 269 70 70
0 1311 175 71 71
=======
0 0.000392 0.000100 0.000020 0.000062
0 0.000417 0.000181 0.000018 0.000057
0 0.000391 0.000264 0.000020 0.000063
0 0.000391 0.000182 0.000020 0.000062
0 0.000364 0.000266 0.000018 0.000060
0 0.000365 0.000099 0.000018 0.000058
0 0.000417 0.000100 0.000018 0.000062
0 0.000416 0.000261 0.000019 0.000060
0 0.000365 0.000180 0.000019 0.000061
>>>>>>> c84ae07f24c73e3b680a7683f994e9be744fc754
