<<<<<<< HEAD
0 1407 275 72 72
0 1312 274 66 70
0 1501 370 70 68
0 1404 369 78 72
0 1310 466 70 72
0 1500 463 68 68
0 1311 369 65 69
0 1406 465 70 70
0 1501 275 66 70
=======
0 0.000391 0.000267 0.000020 0.000062
0 0.000365 0.000265 0.000018 0.000060
0 0.000417 0.000346 0.000019 0.000058
0 0.000391 0.000347 0.000021 0.000062
0 0.000365 0.000430 0.000019 0.000062
0 0.000416 0.000426 0.000018 0.000058
0 0.000364 0.000346 0.000018 0.000059
0 0.000391 0.000429 0.000019 0.000060
0 0.000416 0.000266 0.000018 0.000060
>>>>>>> c84ae07f24c73e3b680a7683f994e9be744fc754
