<<<<<<< HEAD
1 1363 13 88 84
1 1471 118 88 84
1 1259 116 86 82
1 1475 8 86 80
1 1366 119 86 84
1 1587 7 74 78
1 1259 10 81 71
1 1362 232 94 94
1 1255 225 80 86
=======
1 0.000382 0.000047 0.000024 0.000072
1 0.000411 0.000137 0.000024 0.000072
1 0.000353 0.000135 0.000023 0.000070
1 0.000412 0.000041 0.000023 0.000069
1 0.000382 0.000138 0.000023 0.000072
1 0.000441 0.000039 0.000020 0.000067
1 0.000353 0.000039 0.000022 0.000061
1 0.000382 0.000239 0.000025 0.000081
1 0.000351 0.000230 0.000022 0.000074
>>>>>>> c84ae07f24c73e3b680a7683f994e9be744fc754
