<<<<<<< HEAD
0 1882 462 68 66
0 1698 272 70 72
0 1884 369 66 68
0 1790 367 70 70
0 1696 465 68 70
0 1793 273 74 74
0 1887 272 66 73
0 1698 366 68 72
0 1791 463 72 70
=======
0 0.000520 0.000424 0.000018 0.000057
0 0.000470 0.000264 0.000019 0.000062
0 0.000520 0.000346 0.000018 0.000058
0 0.000495 0.000345 0.000019 0.000060
0 0.000469 0.000429 0.000018 0.000060
0 0.000496 0.000266 0.000020 0.000063
0 0.000521 0.000264 0.000018 0.000063
0 0.000470 0.000345 0.000018 0.000062
0 0.000496 0.000427 0.000020 0.000060
>>>>>>> c84ae07f24c73e3b680a7683f994e9be744fc754
