<<<<<<< HEAD
1 1257 314 82 84
1 1260 206 82 78
1 1476 202 86 82
1 1363 316 86 84
1 1472 316 88 86
1 1365 207 83 83
1 1364 429 96 88
1 1587 201 82 86
1 1254 421 86 88
=======
1 0.000352 0.000305 0.000022 0.000072
1 0.000353 0.000210 0.000022 0.000067
1 0.000412 0.000208 0.000023 0.000070
1 0.000381 0.000307 0.000023 0.000072
1 0.000411 0.000308 0.000024 0.000074
1 0.000382 0.000213 0.000023 0.000071
1 0.000383 0.000406 0.000026 0.000075
1 0.000442 0.000209 0.000022 0.000074
1 0.000352 0.000399 0.000023 0.000075
>>>>>>> c84ae07f24c73e3b680a7683f994e9be744fc754
