<<<<<<< HEAD
0 1114 181 70 70
0 925 278 72 68
0 926 83 70 72
0 1112 275 74 72
0 1020 85 74 72
0 1021 273 76 70
0 1018 180 74 72
0 926 178 71 72
0 1120 83 70 70
=======
0 0.000312 0.000185 0.000019 0.000060
0 0.000261 0.000267 0.000020 0.000058
0 0.000261 0.000102 0.000019 0.000062
0 0.000312 0.000267 0.000020 0.000062
0 0.000287 0.000104 0.000020 0.000062
0 0.000287 0.000264 0.000021 0.000060
0 0.000286 0.000185 0.000020 0.000062
0 0.000261 0.000183 0.000019 0.000062
0 0.000313 0.000101 0.000019 0.000060
>>>>>>> c84ae07f24c73e3b680a7683f994e9be744fc754
