<<<<<<< HEAD
0 345 374 70 68
0 157 470 68 66
0 344 467 74 72
0 155 278 68 68
0 248 280 72 70
0 249 375 72 66
0 252 467 73 71
0 158 372 70 70
0 344 281 70 70
=======
0 0.000103 0.000350 0.000019 0.000058
0 0.000052 0.000431 0.000018 0.000057
0 0.000103 0.000431 0.000020 0.000062
0 0.000051 0.000267 0.000018 0.000058
0 0.000077 0.000270 0.000020 0.000060
0 0.000077 0.000350 0.000020 0.000057
0 0.000078 0.000431 0.000020 0.000061
0 0.000052 0.000349 0.000019 0.000060
0 0.000103 0.000271 0.000019 0.000060
>>>>>>> c84ae07f24c73e3b680a7683f994e9be744fc754
