<<<<<<< HEAD
1 1654 201 82 84
1 1652 313 82 86
1 1864 313 84 86
1 1869 203 90 90
1 1757 316 86 86
1 1651 419 81 84
1 1753 424 90 88
1 1758 207 84 78
=======
1 0.000460 0.000208 0.000022 0.000072
1 0.000459 0.000305 0.000022 0.000074
1 0.000517 0.000305 0.000023 0.000074
1 0.000519 0.000213 0.000024 0.000077
1 0.000488 0.000308 0.000023 0.000074
1 0.000459 0.000395 0.000022 0.000072
1 0.000488 0.000401 0.000024 0.000075
1 0.000488 0.000211 0.000023 0.000067
>>>>>>> c84ae07f24c73e3b680a7683f994e9be744fc754
