<<<<<<< HEAD
1 868 316 82 82
1 1082 208 84 82
1 869 210 80 80
1 1078 318 84 82
1 972 324 88 94
1 1191 207 86 88
1 972 428 81 84
1 869 426 78 90
1 972 212 83 84
=======
1 0.000247 0.000306 0.000022 0.000070
1 0.000305 0.000213 0.000023 0.000070
1 0.000247 0.000214 0.000022 0.000069
1 0.000304 0.000308 0.000023 0.000070
1 0.000276 0.000318 0.000024 0.000081
1 0.000335 0.000215 0.000023 0.000075
1 0.000275 0.000403 0.000022 0.000072
1 0.000246 0.000404 0.000021 0.000077
1 0.000275 0.000218 0.000023 0.000072
>>>>>>> c84ae07f24c73e3b680a7683f994e9be744fc754
