<<<<<<< HEAD
1 1862 116 88 84
1 1650 116 84 84
1 1756 119 86 84
1 1866 7 84 82
1 1649 223 79 83
1 1650 8 85 84
1 1753 228 90 88
1 1757 7 84 86
=======
1 0.000517 0.000135 0.000024 0.000072
1 0.000459 0.000135 0.000023 0.000072
1 0.000488 0.000138 0.000023 0.000072
1 0.000518 0.000041 0.000023 0.000070
1 0.000458 0.000227 0.000021 0.000071
1 0.000459 0.000043 0.000023 0.000072
1 0.000488 0.000233 0.000024 0.000075
1 0.000488 0.000043 0.000023 0.000074
>>>>>>> c84ae07f24c73e3b680a7683f994e9be744fc754
