<<<<<<< HEAD
0 731 182 72 68
0 541 277 70 68
0 541 83 70 72
0 732 276 76 70
0 542 179 70 73
0 634 83 80 74
0 634 180 78 72
0 731 84 70 69
0 636 274 75 71
=======
0 0.000208 0.000185 0.000020 0.000058
0 0.000156 0.000267 0.000019 0.000058
0 0.000156 0.000102 0.000019 0.000062
0 0.000209 0.000267 0.000021 0.000060
0 0.000157 0.000185 0.000019 0.000063
0 0.000183 0.000103 0.000022 0.000063
0 0.000183 0.000185 0.000021 0.000062
0 0.000208 0.000102 0.000019 0.000059
0 0.000183 0.000265 0.000020 0.000061
>>>>>>> c84ae07f24c73e3b680a7683f994e9be744fc754
