<<<<<<< HEAD
0 345 181 70 68
0 157 86 68 68
0 344 275 72 72
0 158 278 66 66
0 249 86 74 70
0 248 182 72 66
0 158 179 71 67
0 253 275 73 74
0 345 88 72 67
=======
0 0.000103 0.000184 0.000019 0.000058
0 0.000052 0.000103 0.000018 0.000058
0 0.000103 0.000267 0.000020 0.000062
0 0.000052 0.000267 0.000018 0.000057
0 0.000078 0.000104 0.000020 0.000060
0 0.000077 0.000184 0.000020 0.000057
0 0.000052 0.000182 0.000019 0.000057
0 0.000079 0.000267 0.000020 0.000063
0 0.000103 0.000104 0.000020 0.000057
>>>>>>> c84ae07f24c73e3b680a7683f994e9be744fc754
