<<<<<<< HEAD
0 1885 177 66 66
0 1883 269 66 68
0 1790 175 74 72
0 1696 273 68 70
0 1793 80 72 74
0 1791 270 74 73
0 1698 80 68 72
0 1888 78 68 69
0 1697 173 67 71
=======
0 0.000520 0.000180 0.000018 0.000057
0 0.000520 0.000260 0.000018 0.000058
0 0.000496 0.000181 0.000020 0.000062
0 0.000469 0.000264 0.000018 0.000060
0 0.000496 0.000100 0.000020 0.000063
0 0.000496 0.000263 0.000020 0.000063
0 0.000470 0.000099 0.000018 0.000062
0 0.000521 0.000096 0.000018 0.000059
0 0.000469 0.000179 0.000018 0.000061
>>>>>>> c84ae07f24c73e3b680a7683f994e9be744fc754
