<<<<<<< HEAD
1 193 125 88 84
1 292 16 83 76
1 293 123 84 84
1 87 124 78 80
1 86 15 82 81
1 190 236 84 84
1 406 16 82 76
1 84 229 78 79
1 186 19 83 84
=======
1 0.000064 0.000143 0.000024 0.000072
1 0.000090 0.000046 0.000023 0.000065
1 0.000091 0.000141 0.000023 0.000072
1 0.000034 0.000141 0.000021 0.000069
1 0.000034 0.000048 0.000022 0.000069
1 0.000063 0.000238 0.000023 0.000072
1 0.000121 0.000046 0.000022 0.000065
1 0.000033 0.000230 0.000021 0.000068
1 0.000062 0.000052 0.000023 0.000072
>>>>>>> c84ae07f24c73e3b680a7683f994e9be744fc754
