<<<<<<< HEAD
1 474 209 84 84
1 687 319 86 82
1 689 208 86 84
1 476 315 82 84
1 583 319 90 84
1 475 423 80 86
1 579 211 86 83
1 583 428 83 81
1 800 207 88 90
=======
1 0.000140 0.000215 0.000023 0.000072
1 0.000198 0.000309 0.000023 0.000070
1 0.000199 0.000214 0.000023 0.000072
1 0.000140 0.000306 0.000022 0.000072
1 0.000170 0.000309 0.000024 0.000072
1 0.000140 0.000400 0.000022 0.000074
1 0.000169 0.000216 0.000023 0.000071
1 0.000169 0.000402 0.000023 0.000069
1 0.000229 0.000216 0.000024 0.000077
>>>>>>> c84ae07f24c73e3b680a7683f994e9be744fc754
