<<<<<<< HEAD
0 1114 373 72 68
0 925 278 72 72
0 924 468 72 70
0 1111 466 72 70
0 1020 277 72 72
0 1018 373 72 68
0 926 373 68 72
0 1021 465 74 69
0 1115 277 69 69
=======
0 0.000312 0.000349 0.000020 0.000058
0 0.000261 0.000269 0.000020 0.000062
0 0.000260 0.000431 0.000020 0.000060
0 0.000311 0.000430 0.000020 0.000060
0 0.000286 0.000268 0.000020 0.000062
0 0.000286 0.000349 0.000020 0.000058
0 0.000260 0.000351 0.000018 0.000062
0 0.000287 0.000428 0.000020 0.000059
0 0.000312 0.000267 0.000019 0.000059
>>>>>>> c84ae07f24c73e3b680a7683f994e9be744fc754
