<<<<<<< HEAD
1 1079 121 88 82
1 867 119 86 86
1 972 124 90 90
1 1080 11 84 78
1 1192 12 90 88
1 867 7 88 93
1 971 14 88 83
1 868 227 82 86
1 971 232 84 85
=======
1 0.000305 0.000139 0.000024 0.000070
1 0.000247 0.000139 0.000023 0.000074
1 0.000276 0.000145 0.000024 0.000077
1 0.000304 0.000043 0.000023 0.000067
1 0.000336 0.000048 0.000024 0.000075
1 0.000247 0.000046 0.000024 0.000080
1 0.000275 0.000048 0.000024 0.000071
1 0.000247 0.000231 0.000022 0.000074
1 0.000275 0.000235 0.000023 0.000073
>>>>>>> c84ae07f24c73e3b680a7683f994e9be744fc754
