<<<<<<< HEAD
0 734 374 76 68
0 541 276 72 70
0 542 470 70 68
0 731 466 70 70
0 635 373 74 66
0 636 276 74 72
0 639 465 75 69
0 541 372 71 70
0 732 276 70 68
=======
0 0.000209 0.000350 0.000021 0.000058
0 0.000157 0.000267 0.000020 0.000060
0 0.000157 0.000432 0.000019 0.000058
0 0.000208 0.000430 0.000019 0.000060
0 0.000182 0.000348 0.000020 0.000057
0 0.000183 0.000267 0.000020 0.000062
0 0.000184 0.000428 0.000020 0.000059
0 0.000156 0.000349 0.000019 0.000060
0 0.000208 0.000266 0.000019 0.000058
>>>>>>> c84ae07f24c73e3b680a7683f994e9be744fc754
