<<<<<<< HEAD
0 1407 467 74 72
0 1312 466 68 70
0 1502 563 72 68
0 1310 658 68 68
0 1406 562 74 68
0 1503 658 72 70
0 1407 658 72 70
0 1313 560 68 70
0 1504 467 76 69
=======
0 0.000392 0.000431 0.000020 0.000062
0 0.000365 0.000430 0.000018 0.000060
0 0.000417 0.000512 0.000020 0.000058
0 0.000365 0.000593 0.000018 0.000058
0 0.000391 0.000511 0.000020 0.000058
0 0.000417 0.000594 0.000020 0.000060
0 0.000391 0.000594 0.000020 0.000060
0 0.000365 0.000510 0.000018 0.000060
0 0.000418 0.000430 0.000021 0.000059
>>>>>>> c84ae07f24c73e3b680a7683f994e9be744fc754
