<<<<<<< HEAD
0 927 467 74 72
0 1022 467 74 72
0 926 658 74 72
0 1115 655 74 72
0 1020 563 76 68
0 1115 563 70 66
0 1019 657 73 74
0 925 562 68 70
0 1116 469 62 68
=======
0 0.000262 0.000431 0.000020 0.000062
0 0.000287 0.000431 0.000020 0.000062
0 0.000261 0.000595 0.000020 0.000062
0 0.000313 0.000592 0.000020 0.000062
0 0.000287 0.000512 0.000021 0.000058
0 0.000312 0.000511 0.000019 0.000057
0 0.000286 0.000595 0.000020 0.000063
0 0.000260 0.000512 0.000018 0.000060
0 0.000311 0.000431 0.000017 0.000058
>>>>>>> c84ae07f24c73e3b680a7683f994e9be744fc754
