<<<<<<< HEAD
0 344 759 72 68
0 156 662 68 66
0 158 854 70 66
0 343 853 68 66
0 249 663 70 68
0 248 758 70 66
0 159 757 72 68
0 253 850 72 65
0 343 664 74 68
=======
0 0.000103 0.000680 0.000020 0.000058
0 0.000052 0.000596 0.000018 0.000057
0 0.000052 0.000760 0.000019 0.000057
0 0.000102 0.000760 0.000018 0.000057
0 0.000077 0.000598 0.000019 0.000058
0 0.000077 0.000678 0.000019 0.000057
0 0.000053 0.000678 0.000020 0.000058
0 0.000078 0.000757 0.000020 0.000056
0 0.000103 0.000598 0.000020 0.000058
>>>>>>> c84ae07f24c73e3b680a7683f994e9be744fc754
