<<<<<<< HEAD
0 1312 852 70 68
0 1315 658 66 70
0 1409 661 72 70
0 1505 757 72 64
0 1314 753 70 68
0 1407 755 74 70
0 1411 850 70 68
0 1507 659 64 68
0 1502 850 66 68
=======
0 0.000365 0.000760 0.000019 0.000058
0 0.000366 0.000594 0.000018 0.000060
0 0.000392 0.000597 0.000020 0.000060
0 0.000418 0.000676 0.000020 0.000055
0 0.000366 0.000675 0.000019 0.000058
0 0.000392 0.000677 0.000020 0.000060
0 0.000392 0.000758 0.000019 0.000058
0 0.000417 0.000594 0.000017 0.000058
0 0.000416 0.000758 0.000018 0.000058
>>>>>>> c84ae07f24c73e3b680a7683f994e9be744fc754
