<<<<<<< HEAD
0 928 658 72 72
0 1117 754 72 68
0 927 849 70 68
0 1021 659 74 72
0 1117 848 70 70
0 1020 754 76 70
0 927 752 70 66
0 1023 847 69 66
0 1118 656 64 74
=======
0 0.000262 0.000595 0.000020 0.000062
0 0.000313 0.000676 0.000020 0.000058
0 0.000261 0.000757 0.000019 0.000058
0 0.000287 0.000596 0.000020 0.000062
0 0.000313 0.000757 0.000019 0.000060
0 0.000287 0.000676 0.000021 0.000060
0 0.000261 0.000673 0.000019 0.000057
0 0.000287 0.000754 0.000019 0.000057
0 0.000312 0.000594 0.000017 0.000063
>>>>>>> c84ae07f24c73e3b680a7683f994e9be744fc754
