<<<<<<< HEAD
1 688 600 86 82
1 475 706 84 80
1 474 599 84 82
1 689 710 84 84
1 582 710 88 84
1 474 813 84 82
1 808 597 104 96
1 580 603 83 84
1 582 820 86 85
=======
1 0.000198 0.000550 0.000023 0.000070
1 0.000140 0.000640 0.000023 0.000069
1 0.000140 0.000549 0.000023 0.000070
1 0.000198 0.000645 0.000023 0.000072
1 0.000170 0.000645 0.000024 0.000072
1 0.000140 0.000732 0.000023 0.000070
1 0.000233 0.000553 0.000028 0.000082
1 0.000169 0.000553 0.000023 0.000072
1 0.000170 0.000739 0.000023 0.000073
>>>>>>> c84ae07f24c73e3b680a7683f994e9be744fc754
