<<<<<<< HEAD
1 687 405 88 82
1 688 513 88 86
1 474 511 80 78
1 474 404 82 80
1 582 516 86 88
1 474 618 84 84
1 581 626 86 90
1 801 403 84 78
1 580 407 83 82
=======
1 0.000198 0.000382 0.000024 0.000070
1 0.000199 0.000477 0.000024 0.000074
1 0.000139 0.000472 0.000022 0.000067
1 0.000140 0.000381 0.000022 0.000069
1 0.000170 0.000480 0.000023 0.000075
1 0.000140 0.000566 0.000023 0.000072
1 0.000169 0.000575 0.000023 0.000077
1 0.000229 0.000379 0.000023 0.000067
1 0.000169 0.000384 0.000023 0.000070
>>>>>>> c84ae07f24c73e3b680a7683f994e9be744fc754
