<<<<<<< HEAD
1 295 405 86 86
1 292 513 84 82
1 84 406 78 80
1 188 515 84 84
1 85 513 80 78
1 188 626 86 90
1 402 405 86 96
1 85 620 80 79
1 186 408 84 84
=======
1 0.000092 0.000384 0.000023 0.000074
1 0.000091 0.000475 0.000023 0.000070
1 0.000033 0.000382 0.000021 0.000069
1 0.000062 0.000478 0.000023 0.000072
1 0.000034 0.000473 0.000022 0.000067
1 0.000063 0.000575 0.000023 0.000077
1 0.000121 0.000388 0.000023 0.000082
1 0.000034 0.000565 0.000022 0.000068
1 0.000062 0.000386 0.000023 0.000072
>>>>>>> c84ae07f24c73e3b680a7683f994e9be744fc754
