<<<<<<< HEAD
1 1653 399 82 88
1 1652 508 82 86
1 1866 402 86 86
1 1756 512 86 84
1 1865 512 88 86
1 1753 622 86 90
1 1651 616 80 86
1 1754 400 92 88
=======
1 0.000460 0.000380 0.000022 0.000075
1 0.000459 0.000472 0.000022 0.000074
1 0.000518 0.000382 0.000023 0.000074
1 0.000488 0.000475 0.000023 0.000072
1 0.000518 0.000476 0.000024 0.000074
1 0.000487 0.000572 0.000023 0.000077
1 0.000459 0.000565 0.000022 0.000074
1 0.000488 0.000381 0.000025 0.000075
>>>>>>> c84ae07f24c73e3b680a7683f994e9be744fc754
