<<<<<<< HEAD
0 733 565 74 66
0 542 661 70 68
0 636 469 74 70
0 542 469 72 68
0 732 658 68 66
0 637 566 76 68
0 638 658 74 70
0 733 473 72 72
0 543 562 68 68
=======
0 0.000209 0.000513 0.000020 0.000057
0 0.000157 0.000596 0.000019 0.000058
0 0.000183 0.000432 0.000020 0.000060
0 0.000157 0.000431 0.000020 0.000058
0 0.000208 0.000592 0.000018 0.000057
0 0.000183 0.000514 0.000021 0.000058
0 0.000183 0.000594 0.000020 0.000060
0 0.000209 0.000436 0.000020 0.000062
0 0.000157 0.000511 0.000018 0.000058
>>>>>>> c84ae07f24c73e3b680a7683f994e9be744fc754
