<<<<<<< HEAD
1 1257 704 86 84
1 1258 596 86 80
1 1364 708 90 86
1 1474 595 90 84
1 1472 707 88 88
1 1369 819 86 86
1 1257 810 84 80
1 1587 599 78 78
1 1362 597 94 90
=======
1 0.000353 0.000640 0.000023 0.000072
1 0.000353 0.000545 0.000023 0.000069
1 0.000382 0.000644 0.000024 0.000074
1 0.000412 0.000546 0.000024 0.000072
1 0.000411 0.000644 0.000024 0.000075
1 0.000383 0.000739 0.000023 0.000074
1 0.000352 0.000729 0.000023 0.000069
1 0.000441 0.000547 0.000021 0.000067
1 0.000382 0.000550 0.000025 0.000077
>>>>>>> c84ae07f24c73e3b680a7683f994e9be744fc754
