<<<<<<< HEAD
1 869 704 82 80
1 1080 596 84 84
1 869 597 84 84
1 1079 709 84 84
1 971 706 86 82
1 1191 601 82 84
1 974 817 86 82
1 869 810 82 82
1 972 601 84 86
=======
1 0.000247 0.000638 0.000022 0.000069
1 0.000304 0.000547 0.000023 0.000072
1 0.000247 0.000548 0.000023 0.000072
1 0.000304 0.000644 0.000023 0.000072
1 0.000275 0.000640 0.000023 0.000070
1 0.000334 0.000551 0.000022 0.000072
1 0.000276 0.000736 0.000023 0.000070
1 0.000247 0.000730 0.000022 0.000070
1 0.000275 0.000552 0.000023 0.000074
>>>>>>> c84ae07f24c73e3b680a7683f994e9be744fc754
