<<<<<<< HEAD
0 159 662 68 66
0 343 659 70 70
0 156 470 72 68
0 343 565 68 66
0 249 470 72 68
0 252 660 71 71
0 249 565 72 68
0 156 563 71 64
0 344 472 68 71
=======
0 0.000052 0.000596 0.000018 0.000057
0 0.000103 0.000595 0.000019 0.000060
0 0.000052 0.000432 0.000020 0.000058
0 0.000102 0.000513 0.000018 0.000057
0 0.000077 0.000432 0.000020 0.000058
0 0.000078 0.000596 0.000019 0.000061
0 0.000077 0.000514 0.000020 0.000058
0 0.000052 0.000510 0.000019 0.000055
0 0.000103 0.000435 0.000018 0.000061
>>>>>>> c84ae07f24c73e3b680a7683f994e9be744fc754
