<<<<<<< HEAD
0 1700 464 68 72
0 1698 658 64 68
0 1885 562 64 68
0 1794 466 72 70
0 1883 656 66 68
0 1791 561 72 72
0 1792 655 74 71
0 1887 463 63 68
0 1699 559 68 68
=======
0 0.000470 0.000429 0.000018 0.000062
0 0.000469 0.000593 0.000017 0.000058
0 0.000520 0.000511 0.000017 0.000058
0 0.000496 0.000430 0.000020 0.000060
0 0.000520 0.000592 0.000018 0.000058
0 0.000496 0.000512 0.000020 0.000062
0 0.000496 0.000592 0.000020 0.000061
0 0.000520 0.000426 0.000017 0.000058
0 0.000470 0.000508 0.000018 0.000058
>>>>>>> c84ae07f24c73e3b680a7683f994e9be744fc754
