<<<<<<< HEAD
1 295 208 82 82
1 294 319 86 84
1 85 209 80 84
1 86 318 82 80
1 191 320 84 86
1 189 432 82 90
1 87 423 81 81
1 190 215 84 82
1 404 210 81 82
=======
1 0.000091 0.000213 0.000022 0.000070
1 0.000091 0.000309 0.000023 0.000072
1 0.000034 0.000215 0.000022 0.000072
1 0.000034 0.000307 0.000022 0.000069
1 0.000063 0.000311 0.000023 0.000074
1 0.000062 0.000409 0.000022 0.000077
1 0.000035 0.000397 0.000022 0.000069
1 0.000063 0.000219 0.000023 0.000070
1 0.000121 0.000215 0.000022 0.000070
>>>>>>> c84ae07f24c73e3b680a7683f994e9be744fc754
