<<<<<<< HEAD
1 868 405 80 82
1 1080 403 86 82
1 869 509 84 82
1 1077 512 84 86
1 973 514 90 88
1 1188 406 84 84
1 869 616 82 88
1 971 408 84 83
1 975 621 86 100
=======
1 0.000246 0.000382 0.000022 0.000070
1 0.000305 0.000381 0.000023 0.000070
1 0.000247 0.000472 0.000023 0.000070
1 0.000304 0.000476 0.000023 0.000074
1 0.000276 0.000478 0.000024 0.000075
1 0.000334 0.000384 0.000023 0.000072
1 0.000247 0.000566 0.000022 0.000075
1 0.000275 0.000385 0.000023 0.000071
1 0.000276 0.000575 0.000023 0.000086
>>>>>>> c84ae07f24c73e3b680a7683f994e9be744fc754
