<<<<<<< HEAD
0 1886 756 64 68
0 1699 851 66 66
0 1794 659 72 72
0 1882 850 66 66
0 1700 657 66 72
0 1793 755 72 70
0 1701 752 68 70
0 1793 849 72 68
0 1887 656 60 70
=======
0 0.000520 0.000677 0.000017 0.000058
0 0.000470 0.000758 0.000018 0.000057
0 0.000496 0.000596 0.000020 0.000062
0 0.000519 0.000757 0.000018 0.000057
0 0.000470 0.000594 0.000018 0.000062
0 0.000496 0.000677 0.000020 0.000060
0 0.000471 0.000675 0.000018 0.000060
0 0.000496 0.000757 0.000020 0.000058
0 0.000520 0.000592 0.000016 0.000060
>>>>>>> c84ae07f24c73e3b680a7683f994e9be744fc754
