<<<<<<< HEAD
1 1656 596 82 82
1 1867 709 86 88
1 1869 596 88 82
1 1656 704 78 80
1 1759 708 86 84
1 1655 812 82 82
1 1756 818 90 90
1 1758 599 86 82
=======
1 0.000460 0.000546 0.000022 0.000070
1 0.000518 0.000646 0.000023 0.000075
1 0.000519 0.000546 0.000024 0.000070
1 0.000460 0.000638 0.000021 0.000069
1 0.000489 0.000643 0.000023 0.000072
1 0.000460 0.000731 0.000022 0.000070
1 0.000489 0.000740 0.000024 0.000077
1 0.000489 0.000549 0.000023 0.000070
>>>>>>> c84ae07f24c73e3b680a7683f994e9be744fc754
