<<<<<<< HEAD
1 1256 509 84 82
1 1258 402 86 82
1 1473 400 88 84
1 1472 511 88 84
1 1363 511 88 82
1 1366 623 88 82
1 1254 616 88 86
1 1585 399 76 82
1 1370 403 78 84
=======
1 0.000352 0.000472 0.000023 0.000070
1 0.000353 0.000380 0.000023 0.000070
1 0.000412 0.000379 0.000024 0.000072
1 0.000411 0.000474 0.000024 0.000072
1 0.000382 0.000473 0.000024 0.000070
1 0.000382 0.000569 0.000024 0.000070
1 0.000352 0.000565 0.000024 0.000074
1 0.000440 0.000377 0.000021 0.000070
1 0.000382 0.000382 0.000021 0.000072
>>>>>>> c84ae07f24c73e3b680a7683f994e9be744fc754
