<<<<<<< HEAD
0 543 854 68 66
0 735 756 74 68
0 638 663 74 70
0 544 662 70 70
0 638 756 74 66
0 734 849 74 68
0 733 663 70 72
0 543 753 68 67
0 639 850 73 70
=======
0 0.000157 0.000760 0.000018 0.000057
0 0.000209 0.000677 0.000020 0.000058
0 0.000183 0.000598 0.000020 0.000060
0 0.000157 0.000598 0.000019 0.000060
0 0.000183 0.000676 0.000020 0.000057
0 0.000209 0.000757 0.000020 0.000058
0 0.000208 0.000599 0.000019 0.000062
0 0.000157 0.000674 0.000018 0.000057
0 0.000183 0.000759 0.000020 0.000060
>>>>>>> c84ae07f24c73e3b680a7683f994e9be744fc754
