<<<<<<< HEAD
0 1455 36 80 72
0 1347 245 78 80
0 1558 138 76 76
0 1557 243 74 76
0 1455 243 74 77
0 1452 138 82 78
0 1351 35 78 70
0 1561 32 78 78
0 1349 137 78 80
=======
0 0.000406 0.000062 0.000022 0.000062
0 0.000376 0.000244 0.000021 0.000069
0 0.000433 0.000151 0.000021 0.000065
0 0.000432 0.000241 0.000020 0.000065
0 0.000405 0.000241 0.000020 0.000066
0 0.000405 0.000152 0.000022 0.000067
0 0.000377 0.000060 0.000021 0.000060
0 0.000434 0.000061 0.000021 0.000067
0 0.000377 0.000152 0.000021 0.000069
>>>>>>> c84ae07f24c73e3b680a7683f994e9be744fc754
