<<<<<<< HEAD
0 281 249 74 76
0 76 253 70 70
0 283 144 76 72
0 76 39 80 74
0 178 40 78 78
0 177 147 82 80
0 181 249 77 80
0 284 40 74 76
0 77 145 75 76
=======
0 0.000086 0.000246 0.000020 0.000065
0 0.000030 0.000247 0.000019 0.000060
0 0.000087 0.000154 0.000021 0.000062
0 0.000031 0.000065 0.000022 0.000063
0 0.000059 0.000068 0.000021 0.000067
0 0.000059 0.000160 0.000022 0.000069
0 0.000060 0.000248 0.000021 0.000069
0 0.000087 0.000067 0.000020 0.000065
0 0.000031 0.000157 0.000020 0.000065
>>>>>>> c84ae07f24c73e3b680a7683f994e9be744fc754
