<<<<<<< HEAD
0 541 1047 66 64
0 731 951 74 64
0 636 857 74 68
0 541 855 70 66
0 733 1045 72 66
0 633 951 76 66
0 733 856 74 68
0 541 952 69 71
0 637 1044 74 66
=======
0 0.000156 0.000925 0.000018 0.000055
0 0.000208 0.000843 0.000020 0.000055
0 0.000183 0.000764 0.000020 0.000058
0 0.000156 0.000761 0.000019 0.000057
0 0.000209 0.000924 0.000020 0.000057
0 0.000182 0.000844 0.000021 0.000057
0 0.000209 0.000763 0.000020 0.000058
0 0.000156 0.000847 0.000019 0.000061
0 0.000183 0.000923 0.000020 0.000057
>>>>>>> c84ae07f24c73e3b680a7683f994e9be744fc754
