<<<<<<< HEAD
0 157 1047 68 62
0 346 1045 70 64
0 345 952 72 64
0 248 858 72 68
0 155 856 72 64
0 249 952 72 66
0 344 858 68 73
0 254 1043 76 70
0 158 951 71 69
=======
0 0.000052 0.000924 0.000018 0.000053
0 0.000103 0.000923 0.000019 0.000055
0 0.000103 0.000844 0.000020 0.000055
0 0.000077 0.000765 0.000020 0.000058
0 0.000052 0.000761 0.000020 0.000055
0 0.000077 0.000844 0.000020 0.000057
0 0.000103 0.000767 0.000018 0.000063
0 0.000079 0.000924 0.000021 0.000060
0 0.000052 0.000845 0.000019 0.000059
>>>>>>> c84ae07f24c73e3b680a7683f994e9be744fc754
