<<<<<<< HEAD
1 689 795 86 84
1 475 903 84 80
1 475 798 82 80
1 687 905 88 88
1 580 907 88 82
1 472 1009 84 80
1 797 798 90 86
1 577 795 88 90
1 580 1015 88 84
=======
1 0.000199 0.000718 0.000023 0.000072
1 0.000140 0.000808 0.000023 0.000069
1 0.000140 0.000718 0.000022 0.000069
1 0.000198 0.000814 0.000024 0.000075
1 0.000169 0.000813 0.000024 0.000070
1 0.000139 0.000899 0.000023 0.000069
1 0.000228 0.000721 0.000024 0.000074
1 0.000168 0.000720 0.000024 0.000077
1 0.000169 0.000906 0.000024 0.000072
>>>>>>> c84ae07f24c73e3b680a7683f994e9be744fc754
