<<<<<<< HEAD
0 1133 143 80 78
0 1028 38 78 76
0 924 37 76 74
0 921 251 80 78
0 1129 247 80 78
0 1025 142 80 78
0 1027 245 81 76
0 924 141 76 83
0 1134 38 77 73
=======
0 0.000318 0.000156 0.000022 0.000067
0 0.000289 0.000065 0.000021 0.000065
0 0.000261 0.000063 0.000021 0.000063
0 0.000261 0.000249 0.000022 0.000067
0 0.000317 0.000245 0.000022 0.000067
0 0.000289 0.000155 0.000022 0.000067
0 0.000290 0.000243 0.000022 0.000065
0 0.000261 0.000156 0.000021 0.000071
0 0.000318 0.000064 0.000021 0.000063
>>>>>>> c84ae07f24c73e3b680a7683f994e9be744fc754
