<<<<<<< HEAD
0 1409 856 72 68
0 1314 1046 66 66
0 1502 1044 68 68
0 1314 855 70 66
0 1505 951 68 66
0 1409 950 74 68
0 1411 1043 72 68
0 1314 950 68 64
0 1504 856 70 74
=======
0 0.000392 0.000763 0.000020 0.000058
0 0.000365 0.000925 0.000018 0.000057
0 0.000417 0.000924 0.000018 0.000058
0 0.000366 0.000761 0.000019 0.000057
0 0.000417 0.000844 0.000018 0.000057
0 0.000392 0.000844 0.000020 0.000058
0 0.000393 0.000923 0.000020 0.000058
0 0.000366 0.000842 0.000018 0.000055
0 0.000417 0.000766 0.000019 0.000063
>>>>>>> c84ae07f24c73e3b680a7683f994e9be744fc754
