<<<<<<< HEAD
1 1258 794 86 82
1 1478 797 88 80
1 1260 902 90 84
1 1259 1009 86 80
1 1475 906 92 84
1 1589 798 84 84
1 1368 905 88 86
1 1369 1016 88 82
1 1366 795 92 92
=======
1 0.000353 0.000716 0.000023 0.000070
1 0.000413 0.000718 0.000024 0.000069
1 0.000354 0.000809 0.000024 0.000072
1 0.000353 0.000899 0.000023 0.000069
1 0.000413 0.000813 0.000025 0.000072
1 0.000442 0.000720 0.000023 0.000072
1 0.000383 0.000813 0.000024 0.000074
1 0.000383 0.000906 0.000024 0.000070
1 0.000383 0.000721 0.000025 0.000079
>>>>>>> c84ae07f24c73e3b680a7683f994e9be744fc754
