<<<<<<< HEAD
0 926 853 74 66
0 1020 855 74 66
0 925 1045 68 64
0 1118 1043 72 70
0 1115 948 72 66
0 1019 949 74 66
0 1117 855 70 66
0 928 947 66 64
0 1022 1042 72 68
=======
0 0.000261 0.000760 0.000020 0.000057
0 0.000287 0.000761 0.000020 0.000057
0 0.000260 0.000923 0.000018 0.000055
0 0.000313 0.000924 0.000020 0.000060
0 0.000312 0.000841 0.000020 0.000057
0 0.000286 0.000842 0.000020 0.000057
0 0.000313 0.000761 0.000019 0.000057
0 0.000261 0.000839 0.000018 0.000055
0 0.000287 0.000922 0.000020 0.000058
>>>>>>> c84ae07f24c73e3b680a7683f994e9be744fc754
