<<<<<<< HEAD
1 1655 796 80 82
1 1868 795 86 84
1 1653 1008 80 80
1 1758 797 88 86
1 1655 904 84 84
1 1865 904 86 86
1 1757 1013 96 90
1 1755 905 94 90
=======
1 0.000460 0.000718 0.000022 0.000070
1 0.000518 0.000718 0.000023 0.000072
1 0.000459 0.000898 0.000022 0.000069
1 0.000489 0.000720 0.000024 0.000074
1 0.000460 0.000811 0.000023 0.000072
1 0.000518 0.000812 0.000023 0.000074
1 0.000490 0.000907 0.000026 0.000077
1 0.000489 0.000814 0.000025 0.000077
>>>>>>> c84ae07f24c73e3b680a7683f994e9be744fc754
