<<<<<<< HEAD
0 1699 1045 68 66
0 1887 950 62 66
0 1884 1045 66 68
0 1702 855 68 68
0 1794 856 74 72
0 1794 950 74 70
0 1795 1042 72 72
0 1888 854 60 72
0 1701 948 72 70
=======
0 0.000470 0.000924 0.000018 0.000057
0 0.000520 0.000843 0.000017 0.000057
0 0.000520 0.000925 0.000018 0.000058
0 0.000471 0.000762 0.000018 0.000058
0 0.000497 0.000765 0.000020 0.000062
0 0.000497 0.000844 0.000020 0.000060
0 0.000497 0.000924 0.000020 0.000062
0 0.000520 0.000763 0.000016 0.000062
0 0.000471 0.000843 0.000020 0.000060
>>>>>>> c84ae07f24c73e3b680a7683f994e9be744fc754
