<<<<<<< HEAD
1 295 798 84 86
1 86 905 82 78
1 294 908 84 82
1 191 908 86 84
1 86 799 82 80
1 186 798 86 88
1 84 1009 82 80
1 407 801 84 85
1 191 1016 86 87
=======
1 0.000091 0.000721 0.000023 0.000074
1 0.000034 0.000809 0.000022 0.000067
1 0.000091 0.000814 0.000023 0.000070
1 0.000063 0.000814 0.000023 0.000072
1 0.000034 0.000719 0.000022 0.000069
1 0.000062 0.000722 0.000023 0.000075
1 0.000034 0.000899 0.000022 0.000069
1 0.000122 0.000723 0.000023 0.000073
1 0.000063 0.000908 0.000023 0.000075
>>>>>>> c84ae07f24c73e3b680a7683f994e9be744fc754
