<<<<<<< HEAD
0 497 248 78 80
0 496 37 78 74
0 599 39 84 78
0 707 252 86 80
0 708 145 84 76
0 599 143 78 76
0 603 246 78 74
0 497 140 76 73
0 706 38 74 73
=======
0 0.000145 0.000247 0.000021 0.000069
0 0.000145 0.000063 0.000021 0.000063
0 0.000174 0.000067 0.000023 0.000067
0 0.000203 0.000250 0.000023 0.000069
0 0.000203 0.000157 0.000023 0.000065
0 0.000173 0.000155 0.000021 0.000065
0 0.000174 0.000243 0.000021 0.000063
0 0.000145 0.000151 0.000021 0.000063
0 0.000202 0.000064 0.000020 0.000063
>>>>>>> c84ae07f24c73e3b680a7683f994e9be744fc754
