<<<<<<< HEAD
1 1082 792 86 82
1 869 794 84 82
1 869 900 82 82
1 972 904 90 82
1 1192 797 84 86
1 869 1007 80 78
1 1080 905 84 84
1 970 794 86 86
1 974 1012 86 80
=======
1 0.000305 0.000714 0.000023 0.000070
1 0.000247 0.000716 0.000023 0.000070
1 0.000247 0.000807 0.000022 0.000070
1 0.000276 0.000810 0.000024 0.000070
1 0.000335 0.000720 0.000023 0.000074
1 0.000247 0.000897 0.000022 0.000067
1 0.000304 0.000812 0.000023 0.000072
1 0.000275 0.000718 0.000023 0.000074
1 0.000276 0.000902 0.000023 0.000069
>>>>>>> c84ae07f24c73e3b680a7683f994e9be744fc754
