<<<<<<< HEAD
1 294 600 84 84
1 190 711 86 86
1 85 708 80 76
1 292 711 82 82
1 83 601 78 82
1 405 601 90 92
1 84 815 80 82
1 186 604 86 85
1 189 820 82 83
=======
1 0.000091 0.000550 0.000023 0.000072
1 0.000063 0.000646 0.000023 0.000074
1 0.000034 0.000640 0.000022 0.000065
1 0.000090 0.000645 0.000022 0.000070
1 0.000033 0.000550 0.000021 0.000070
1 0.000122 0.000555 0.000024 0.000079
1 0.000034 0.000734 0.000022 0.000070
1 0.000062 0.000554 0.000023 0.000073
1 0.000062 0.000739 0.000022 0.000071
>>>>>>> c84ae07f24c73e3b680a7683f994e9be744fc754
