<<<<<<< HEAD
0 281 568 76 72
0 280 672 76 74
0 77 673 78 74
0 75 463 82 80
0 177 568 78 76
0 176 464 78 76
0 180 672 75 77
0 283 464 80 76
0 75 568 78 77
=======
0 0.000087 0.000518 0.000021 0.000062
0 0.000086 0.000608 0.000021 0.000063
0 0.000031 0.000609 0.000021 0.000063
0 0.000031 0.000431 0.000022 0.000069
0 0.000059 0.000520 0.000021 0.000065
0 0.000058 0.000430 0.000021 0.000065
0 0.000059 0.000609 0.000020 0.000066
0 0.000088 0.000430 0.000022 0.000065
0 0.000031 0.000520 0.000021 0.000066
>>>>>>> c84ae07f24c73e3b680a7683f994e9be744fc754
