<<<<<<< HEAD
0 708 567 80 72
0 498 462 76 78
0 707 669 78 72
0 603 463 80 80
0 499 671 74 72
0 601 565 76 74
0 496 567 78 72
0 710 464 80 78
0 607 671 78 77
=======
0 0.000203 0.000517 0.000022 0.000062
0 0.000145 0.000430 0.000021 0.000067
0 0.000202 0.000604 0.000021 0.000062
0 0.000174 0.000431 0.000022 0.000069
0 0.000145 0.000606 0.000020 0.000062
0 0.000173 0.000516 0.000021 0.000063
0 0.000145 0.000517 0.000021 0.000062
0 0.000203 0.000431 0.000022 0.000067
0 0.000175 0.000608 0.000021 0.000066
>>>>>>> c84ae07f24c73e3b680a7683f994e9be744fc754
