<<<<<<< HEAD
1 858 392 92 92
1 1090 389 94 90
1 858 507 88 90
1 1088 513 94 96
1 973 513 96 98
1 1211 394 90 90
1 857 624 86 96
1 975 628 102 102
1 968 393 92 98
=======
1 0.000245 0.000376 0.000025 0.000079
1 0.000308 0.000372 0.000025 0.000077
1 0.000245 0.000473 0.000024 0.000077
1 0.000308 0.000481 0.000025 0.000082
1 0.000277 0.000482 0.000026 0.000084
1 0.000341 0.000376 0.000024 0.000077
1 0.000244 0.000576 0.000023 0.000082
1 0.000278 0.000582 0.000028 0.000087
1 0.000275 0.000379 0.000025 0.000084
>>>>>>> c84ae07f24c73e3b680a7683f994e9be744fc754
