<<<<<<< HEAD
0 1130 355 78 74
0 1026 248 80 82
0 1023 356 78 74
0 921 461 80 80
0 922 251 80 80
0 1128 458 76 80
0 1130 251 77 83
0 1023 457 81 79
0 923 356 80 80
=======
0 0.000317 0.000336 0.000021 0.000063
0 0.000289 0.000248 0.000022 0.000070
0 0.000288 0.000337 0.000021 0.000063
0 0.000261 0.000430 0.000022 0.000069
0 0.000261 0.000249 0.000022 0.000069
0 0.000316 0.000427 0.000021 0.000069
0 0.000317 0.000251 0.000021 0.000071
0 0.000288 0.000426 0.000022 0.000068
0 0.000261 0.000340 0.000022 0.000069
>>>>>>> c84ae07f24c73e3b680a7683f994e9be744fc754
