<<<<<<< HEAD
1 1291 390 94 92
1 1528 508 96 94
1 1530 388 98 92
1 1288 506 94 90
1 1408 509 98 92
1 1649 391 90 90
1 1408 633 102 94
1 1284 624 98 96
1 1406 390 100 90
=======
1 0.000363 0.000374 0.000025 0.000079
1 0.000428 0.000476 0.000026 0.000081
1 0.000428 0.000372 0.000027 0.000079
1 0.000362 0.000472 0.000025 0.000077
1 0.000395 0.000476 0.000027 0.000079
1 0.000460 0.000374 0.000024 0.000077
1 0.000396 0.000583 0.000028 0.000081
1 0.000362 0.000576 0.000027 0.000082
1 0.000395 0.000373 0.000027 0.000077
>>>>>>> c84ae07f24c73e3b680a7683f994e9be744fc754
