<<<<<<< HEAD
1 224 175 93 89
1 223 297 94 94
1 -2 297 80 88
1 108 299 96 96
1 -3 179 78 90
1 343 177 86 94
1 -6 412 88 84
1 109 417 93 91
1 105 179 91 91
=======
1 0.000073 0.000188 0.000025 0.000076
1 0.000073 0.000295 0.000025 0.000081
1 0.000010 0.000292 0.000022 0.000075
1 0.000042 0.000297 0.000026 0.000082
1 0.000010 0.000192 0.000021 0.000077
1 0.000105 0.000192 0.000023 0.000081
1 0.000010 0.000389 0.000024 0.000072
1 0.000042 0.000397 0.000025 0.000078
1 0.000041 0.000192 0.000025 0.000078
>>>>>>> c84ae07f24c73e3b680a7683f994e9be744fc754
