<<<<<<< HEAD
0 1456 247 82 82
0 1560 353 76 76
0 1558 457 72 76
0 1452 353 82 76
0 1348 459 78 80
0 1351 246 78 80
0 1454 461 76 78
0 1350 352 74 78
0 1560 249 72 76
=======
0 0.000406 0.000247 0.000022 0.000070
0 0.000433 0.000335 0.000021 0.000065
0 0.000432 0.000424 0.000020 0.000065
0 0.000405 0.000335 0.000022 0.000065
0 0.000376 0.000428 0.000021 0.000069
0 0.000377 0.000245 0.000021 0.000069
0 0.000405 0.000429 0.000021 0.000067
0 0.000376 0.000335 0.000020 0.000067
0 0.000433 0.000246 0.000020 0.000065
>>>>>>> c84ae07f24c73e3b680a7683f994e9be744fc754
