<<<<<<< HEAD
1 659 173 92 92
1 425 295 89 86
1 425 173 90 88
1 658 296 94 92
1 543 297 100 98
1 424 410 88 88
1 782 174 90 94
1 539 178 98 94
1 540 419 92 98
=======
1 0.000191 0.000188 0.000025 0.000079
1 0.000127 0.000290 0.000024 0.000074
1 0.000127 0.000186 0.000024 0.000075
1 0.000191 0.000293 0.000025 0.000079
1 0.000161 0.000297 0.000027 0.000084
1 0.000127 0.000389 0.000024 0.000075
1 0.000224 0.000189 0.000024 0.000081
1 0.000160 0.000193 0.000027 0.000081
1 0.000159 0.000401 0.000025 0.000084
>>>>>>> c84ae07f24c73e3b680a7683f994e9be744fc754
