<<<<<<< HEAD
1 1293 169 92 94
1 1291 292 92 90
1 1528 292 96 94
1 1530 168 94 96
1 1406 293 96 90
1 1409 174 96 90
1 1654 170 87 91
1 1409 417 102 94
1 1284 410 94 94
=======
1 0.000363 0.000185 0.000025 0.000081
1 0.000363 0.000289 0.000025 0.000077
1 0.000428 0.000291 0.000026 0.000081
1 0.000428 0.000185 0.000025 0.000082
1 0.000394 0.000290 0.000026 0.000077
1 0.000395 0.000188 0.000026 0.000077
1 0.000460 0.000185 0.000024 0.000078
1 0.000396 0.000398 0.000028 0.000081
1 0.000361 0.000392 0.000025 0.000081
>>>>>>> c84ae07f24c73e3b680a7683f994e9be744fc754
