<<<<<<< HEAD
0 925 461 78 80
0 1132 565 80 72
0 1130 668 78 72
0 922 669 78 72
0 1027 462 78 80
0 1025 565 78 74
0 925 564 77 78
0 1131 461 70 76
0 1029 669 76 78
=======
0 0.000262 0.000430 0.000021 0.000069
0 0.000318 0.000515 0.000022 0.000062
0 0.000317 0.000604 0.000021 0.000062
0 0.000261 0.000604 0.000021 0.000062
0 0.000289 0.000430 0.000021 0.000069
0 0.000289 0.000516 0.000021 0.000063
0 0.000261 0.000517 0.000021 0.000067
0 0.000316 0.000428 0.000019 0.000065
0 0.000289 0.000607 0.000021 0.000067
>>>>>>> c84ae07f24c73e3b680a7683f994e9be744fc754
