<<<<<<< HEAD
0 709 460 82 78
0 498 248 76 80
0 710 357 82 76
0 498 462 76 78
0 601 354 78 76
0 603 249 82 80
0 603 459 80 74
0 498 354 76 71
0 708 251 77 77
=======
0 0.000203 0.000428 0.000022 0.000067
0 0.000145 0.000247 0.000021 0.000069
0 0.000204 0.000339 0.000022 0.000065
0 0.000145 0.000430 0.000021 0.000067
0 0.000174 0.000336 0.000021 0.000065
0 0.000175 0.000248 0.000022 0.000069
0 0.000174 0.000425 0.000022 0.000063
0 0.000145 0.000334 0.000021 0.000061
0 0.000203 0.000248 0.000021 0.000066
>>>>>>> c84ae07f24c73e3b680a7683f994e9be744fc754
