<<<<<<< HEAD
1 1092 172 92 90
1 858 173 90 90
1 859 293 94 90
1 860 414 86 98
1 1089 295 92 92
1 973 298 96 98
1 974 419 88 95
1 1214 174 91 92
1 972 174 96 98
=======
1 0.000309 0.000186 0.000025 0.000077
1 0.000245 0.000187 0.000024 0.000077
1 0.000246 0.000290 0.000025 0.000077
1 0.000245 0.000397 0.000023 0.000084
1 0.000308 0.000292 0.000025 0.000079
1 0.000277 0.000297 0.000026 0.000084
1 0.000276 0.000400 0.000024 0.000081
1 0.000342 0.000189 0.000025 0.000079
1 0.000277 0.000191 0.000026 0.000084
>>>>>>> c84ae07f24c73e3b680a7683f994e9be744fc754
