<<<<<<< HEAD
0 280 358 74 74
0 281 460 76 78
0 77 463 78 78
0 176 252 78 76
0 176 359 78 76
0 74 251 78 72
0 74 356 76 76
0 179 462 82 77
0 282 253 78 73
=======
0 0.000086 0.000339 0.000020 0.000063
0 0.000087 0.000428 0.000021 0.000067
0 0.000031 0.000430 0.000021 0.000067
0 0.000058 0.000249 0.000021 0.000065
0 0.000058 0.000340 0.000021 0.000065
0 0.000031 0.000246 0.000021 0.000062
0 0.000030 0.000338 0.000021 0.000065
0 0.000060 0.000429 0.000022 0.000066
0 0.000087 0.000248 0.000021 0.000063
>>>>>>> c84ae07f24c73e3b680a7683f994e9be744fc754
