<<<<<<< HEAD
0 1456 461 80 80
0 1559 566 76 76
0 1346 669 74 74
0 1559 670 76 80
0 1349 459 78 80
0 1451 565 82 78
0 1455 669 78 78
0 1351 561 74 74
0 1563 460 78 76
=======
0 0.000406 0.000430 0.000022 0.000069
0 0.000433 0.000518 0.000021 0.000065
0 0.000375 0.000605 0.000020 0.000063
0 0.000433 0.000609 0.000021 0.000069
0 0.000377 0.000428 0.000021 0.000069
0 0.000405 0.000518 0.000022 0.000067
0 0.000405 0.000607 0.000021 0.000067
0 0.000377 0.000513 0.000020 0.000063
0 0.000435 0.000427 0.000021 0.000065
>>>>>>> c84ae07f24c73e3b680a7683f994e9be744fc754
