<<<<<<< HEAD
1 660 392 94 92
1 422 509 92 88
1 422 391 90 88
1 658 511 94 94
1 541 512 96 96
1 422 625 90 90
1 533 393 86 98
1 540 630 94 96
1 776 393 84 90
=======
1 0.000192 0.000376 0.000025 0.000079
1 0.000127 0.000474 0.000025 0.000075
1 0.000127 0.000373 0.000024 0.000075
1 0.000191 0.000478 0.000025 0.000081
1 0.000160 0.000480 0.000026 0.000082
1 0.000127 0.000574 0.000024 0.000077
1 0.000156 0.000379 0.000023 0.000084
1 0.000159 0.000581 0.000025 0.000082
1 0.000222 0.000376 0.000023 0.000077
>>>>>>> c84ae07f24c73e3b680a7683f994e9be744fc754
