<<<<<<< HEAD
1 1290 603 94 92
1 1531 603 102 94
1 1291 723 96 92
1 1529 727 102 96
1 1411 849 102 96
1 1409 727 96 96
1 1291 840 90 94
1 1653 608 94 90
1 1407 604 100 92
=======
1 0.000363 0.000556 0.000025 0.000079
1 0.000429 0.000557 0.000028 0.000081
1 0.000363 0.000659 0.000026 0.000079
1 0.000429 0.000664 0.000028 0.000082
1 0.000397 0.000769 0.000028 0.000082
1 0.000395 0.000664 0.000026 0.000082
1 0.000362 0.000760 0.000024 0.000081
1 0.000461 0.000560 0.000025 0.000077
1 0.000395 0.000557 0.000027 0.000079
>>>>>>> c84ae07f24c73e3b680a7683f994e9be744fc754
