<<<<<<< HEAD
1 226 609 92 92
1 110 729 96 96
1 225 729 94 94
1 -6 733 88 95
1 -8 611 91 94
1 -5 847 84 95
1 110 851 94 96
1 341 608 84 92
1 106 613 90 93
=======
1 0.000074 0.000562 0.000025 0.000079
1 0.000043 0.000666 0.000026 0.000082
1 0.000074 0.000665 0.000025 0.000081
1 0.000010 0.000669 0.000024 0.000081
1 0.000010 0.000564 0.000025 0.000081
1 0.000010 0.000767 0.000023 0.000081
1 0.000043 0.000771 0.000025 0.000082
1 0.000104 0.000561 0.000023 0.000079
1 0.000041 0.000565 0.000024 0.000080
>>>>>>> c84ae07f24c73e3b680a7683f994e9be744fc754
