<<<<<<< HEAD
1 858 823 92 90
1 859 940 90 92
1 1092 822 96 90
1 973 944 94 94
1 857 1056 84 79
1 974 1060 89 81
1 1092 945 96 92
1 1217 826 98 94
1 973 826 94 92
=======
1 0.000245 0.000744 0.000025 0.000077
1 0.000245 0.000845 0.000024 0.000079
1 0.000309 0.000743 0.000026 0.000077
1 0.000277 0.000850 0.000025 0.000081
1 0.000244 0.000939 0.000023 0.000068
1 0.000276 0.000944 0.000024 0.000069
1 0.000309 0.000850 0.000026 0.000079
1 0.000343 0.000748 0.000027 0.000081
1 0.000277 0.000748 0.000025 0.000079
>>>>>>> c84ae07f24c73e3b680a7683f994e9be744fc754
