<<<<<<< HEAD
1 660 822 94 92
1 424 825 94 90
1 424 943 96 92
1 541 945 96 98
1 658 944 98 94
1 420 1057 86 79
1 786 826 98 94
1 539 826 98 91
1 539 1060 93 79
=======
1 0.000192 0.000744 0.000025 0.000079
1 0.000128 0.000746 0.000025 0.000077
1 0.000128 0.000848 0.000026 0.000079
1 0.000160 0.000852 0.000026 0.000084
1 0.000192 0.000850 0.000027 0.000081
1 0.000126 0.000940 0.000023 0.000068
1 0.000227 0.000748 0.000027 0.000081
1 0.000160 0.000747 0.000027 0.000078
1 0.000159 0.000943 0.000025 0.000068
>>>>>>> c84ae07f24c73e3b680a7683f994e9be744fc754
