<<<<<<< HEAD
0 1558 780 74 72
0 1350 883 74 72
0 1557 881 74 72
0 1350 670 74 74
0 1455 675 80 80
0 1452 778 84 80
0 1351 776 74 74
0 1456 884 78 72
0 1561 673 70 66
=======
0 0.000433 0.000700 0.000020 0.000062
0 0.000376 0.000788 0.000020 0.000062
0 0.000432 0.000786 0.000020 0.000062
0 0.000376 0.000606 0.000020 0.000063
0 0.000406 0.000613 0.000022 0.000069
0 0.000405 0.000701 0.000023 0.000069
0 0.000377 0.000697 0.000020 0.000063
0 0.000406 0.000789 0.000021 0.000062
0 0.000433 0.000605 0.000019 0.000057
>>>>>>> c84ae07f24c73e3b680a7683f994e9be744fc754
