<<<<<<< HEAD
0 497 886 76 74
0 708 884 80 72
0 710 779 78 74
0 602 779 82 74
0 604 676 80 78
0 499 674 76 76
0 710 676 78 71
0 499 780 76 74
0 604 882 78 73
=======
0 0.000145 0.000791 0.000021 0.000063
0 0.000203 0.000789 0.000022 0.000062
0 0.000203 0.000700 0.000021 0.000063
0 0.000174 0.000700 0.000022 0.000063
0 0.000175 0.000613 0.000022 0.000067
0 0.000146 0.000610 0.000021 0.000065
0 0.000203 0.000610 0.000021 0.000061
0 0.000146 0.000700 0.000021 0.000063
0 0.000174 0.000787 0.000021 0.000063
>>>>>>> c84ae07f24c73e3b680a7683f994e9be744fc754
