<<<<<<< HEAD
1 661 608 94 90
1 424 607 88 84
1 424 725 96 90
1 660 727 94 90
1 543 729 100 94
1 424 843 90 92
1 541 849 94 96
1 792 606 104 100
1 540 610 99 90
=======
1 0.000192 0.000560 0.000025 0.000077
1 0.000127 0.000556 0.000024 0.000072
1 0.000128 0.000660 0.000026 0.000077
1 0.000192 0.000662 0.000025 0.000077
1 0.000161 0.000665 0.000027 0.000081
1 0.000127 0.000762 0.000024 0.000079
1 0.000160 0.000769 0.000025 0.000082
1 0.000229 0.000562 0.000028 0.000086
1 0.000160 0.000562 0.000027 0.000077
>>>>>>> c84ae07f24c73e3b680a7683f994e9be744fc754
