<<<<<<< HEAD
1 1290 822 100 96
1 1531 825 98 94
1 1292 943 98 94
1 1529 944 98 92
1 1411 945 98 92
1 1654 828 94 92
1 1292 1055 89 82
1 1411 1063 95 78
1 1407 820 100 98
=======
1 0.000363 0.000746 0.000027 0.000082
1 0.000429 0.000748 0.000027 0.000081
1 0.000364 0.000849 0.000027 0.000081
1 0.000428 0.000849 0.000027 0.000079
1 0.000396 0.000850 0.000027 0.000079
1 0.000461 0.000749 0.000025 0.000079
1 0.000363 0.000940 0.000024 0.000070
1 0.000396 0.000945 0.000026 0.000067
1 0.000395 0.000745 0.000027 0.000084
>>>>>>> c84ae07f24c73e3b680a7683f994e9be744fc754
