<<<<<<< HEAD
0 75 885 76 70
0 281 884 76 72
0 282 781 76 74
0 176 676 78 80
0 73 675 78 74
0 177 779 82 76
0 78 778 78 70
0 280 679 79 76
0 181 882 80 75
=======
0 0.000031 0.000789 0.000021 0.000060
0 0.000087 0.000789 0.000021 0.000062
0 0.000087 0.000701 0.000021 0.000063
0 0.000058 0.000614 0.000021 0.000069
0 0.000030 0.000610 0.000021 0.000063
0 0.000059 0.000700 0.000022 0.000065
0 0.000032 0.000697 0.000021 0.000060
0 0.000087 0.000615 0.000021 0.000065
0 0.000060 0.000788 0.000022 0.000064
>>>>>>> c84ae07f24c73e3b680a7683f994e9be744fc754
