<<<<<<< HEAD
0 922 670 80 74
0 1133 776 78 76
0 1027 672 78 74
0 1024 775 80 78
0 1130 879 78 72
0 922 882 74 72
0 1130 670 76 78
0 925 777 74 77
0 1027 878 78 71
=======
0 0.000261 0.000606 0.000022 0.000063
0 0.000318 0.000698 0.000021 0.000065
0 0.000289 0.000608 0.000021 0.000063
0 0.000289 0.000698 0.000022 0.000067
0 0.000317 0.000784 0.000021 0.000062
0 0.000260 0.000787 0.000020 0.000062
0 0.000317 0.000608 0.000021 0.000067
0 0.000261 0.000699 0.000020 0.000066
0 0.000289 0.000783 0.000021 0.000061
>>>>>>> c84ae07f24c73e3b680a7683f994e9be744fc754
