<<<<<<< HEAD
1 860 722 90 90
1 860 604 92 92
1 1092 603 92 90
1 1091 726 92 90
1 974 725 92 90
1 857 837 86 90
1 1217 609 96 96
1 977 845 96 94
1 974 605 98 98
=======
1 0.000245 0.000658 0.000024 0.000077
1 0.000246 0.000557 0.000025 0.000079
1 0.000309 0.000556 0.000025 0.000077
1 0.000308 0.000661 0.000025 0.000077
1 0.000277 0.000660 0.000025 0.000077
1 0.000244 0.000756 0.000023 0.000077
1 0.000343 0.000563 0.000026 0.000082
1 0.000278 0.000765 0.000026 0.000081
1 0.000278 0.000561 0.000027 0.000084
>>>>>>> c84ae07f24c73e3b680a7683f994e9be744fc754
