<<<<<<< HEAD
1 225 392 92 94
1 223 513 92 94
1 109 515 94 96
1 -5 394 86 87
1 -8 629 89 96
1 -1 512 74 92
1 343 394 88 96
1 110 634 96 98
1 106 396 94 89
=======
1 0.000074 0.000376 0.000025 0.000081
1 0.000073 0.000480 0.000025 0.000081
1 0.000042 0.000483 0.000025 0.000082
1 0.000010 0.000375 0.000023 0.000075
1 0.000010 0.000580 0.000024 0.000082
1 0.000010 0.000478 0.000020 0.000079
1 0.000105 0.000379 0.000024 0.000082
1 0.000043 0.000586 0.000026 0.000084
1 0.000042 0.000378 0.000025 0.000076
>>>>>>> c84ae07f24c73e3b680a7683f994e9be744fc754
