<<<<<<< HEAD
1 1331 126 98 100
1 1595 125 104 102
1 1593 264 104 102
1 1458 264 106 108
1 1327 262 104 100
1 1460 128 107 101
1 1460 401 108 105
1 1732 126 100 106
1 1321 394 103 105
=======
1 0.000374 0.000151 0.000027 0.000086
1 0.000447 0.000151 0.000028 0.000087
1 0.000446 0.000270 0.000028 0.000087
1 0.000410 0.000273 0.000029 0.000093
1 0.000374 0.000267 0.000028 0.000086
1 0.000411 0.000153 0.000029 0.000087
1 0.000411 0.000389 0.000029 0.000090
1 0.000483 0.000153 0.000027 0.000091
1 0.000372 0.000383 0.000028 0.000090
>>>>>>> c84ae07f24c73e3b680a7683f994e9be744fc754
