<<<<<<< HEAD
1 621 131 104 101
1 492 269 108 106
1 621 268 106 102
1 359 132 106 100
1 360 265 98 94
1 360 393 101 94
1 757 133 103 102
1 486 135 104 102
1 490 402 107 103
=======
1 0.000183 0.000156 0.000028 0.000087
1 0.000148 0.000276 0.000029 0.000091
1 0.000183 0.000273 0.000029 0.000087
1 0.000112 0.000156 0.000029 0.000086
1 0.000111 0.000267 0.000027 0.000081
1 0.000111 0.000377 0.000027 0.000081
1 0.000219 0.000158 0.000028 0.000087
1 0.000146 0.000159 0.000028 0.000087
1 0.000147 0.000389 0.000029 0.000088
>>>>>>> c84ae07f24c73e3b680a7683f994e9be744fc754
