<<<<<<< HEAD
0 1150 333 86 84
0 917 451 86 84
0 1031 334 86 86
0 1147 449 86 84
0 1035 216 88 92
0 920 215 86 90
0 1035 449 90 86
0 917 332 84 85
0 1154 217 85 84
=======
0 0.000324 0.000322 0.000023 0.000072
0 0.000260 0.000423 0.000023 0.000072
0 0.000291 0.000323 0.000023 0.000074
0 0.000323 0.000421 0.000023 0.000072
0 0.000293 0.000225 0.000024 0.000079
0 0.000261 0.000223 0.000023 0.000077
0 0.000293 0.000422 0.000024 0.000074
0 0.000260 0.000321 0.000023 0.000073
0 0.000325 0.000222 0.000023 0.000072
>>>>>>> c84ae07f24c73e3b680a7683f994e9be744fc754
