<<<<<<< HEAD
0 1507 330 88 86
0 1512 212 88 90
0 1625 331 86 80
0 1624 447 84 82
0 1390 450 86 88
0 1394 211 86 86
0 1629 213 84 86
0 1508 446 87 87
0 1393 331 80 86
=======
0 0.000421 0.000320 0.000024 0.000074
0 0.000422 0.000220 0.000024 0.000077
0 0.000452 0.000318 0.000023 0.000069
0 0.000452 0.000418 0.000023 0.000070
0 0.000389 0.000424 0.000023 0.000075
0 0.000390 0.000218 0.000023 0.000074
0 0.000453 0.000219 0.000023 0.000074
0 0.000421 0.000420 0.000024 0.000075
0 0.000389 0.000321 0.000022 0.000074
>>>>>>> c84ae07f24c73e3b680a7683f994e9be744fc754
