<<<<<<< HEAD
0 682 336 90 86
0 681 450 90 86
0 561 217 90 90
0 445 215 86 90
0 561 334 90 88
0 445 453 86 86
0 563 449 89 85
0 445 333 84 84
0 681 220 81 86
=======
0 0.000197 0.000325 0.000024 0.000074
0 0.000197 0.000423 0.000024 0.000074
0 0.000164 0.000225 0.000024 0.000077
0 0.000132 0.000223 0.000023 0.000077
0 0.000164 0.000324 0.000024 0.000075
0 0.000132 0.000425 0.000023 0.000074
0 0.000165 0.000421 0.000024 0.000073
0 0.000132 0.000322 0.000023 0.000072
0 0.000196 0.000225 0.000022 0.000074
>>>>>>> c84ae07f24c73e3b680a7683f994e9be744fc754
