<<<<<<< HEAD
1 846 130 100 99
1 1106 129 107 103
1 974 269 106 106
1 846 264 102 96
1 845 399 100 108
1 1106 265 104 102
1 973 402 104 101
1 1245 130 104 101
1 970 135 105 106
=======
1 0.000243 0.000154 0.000027 0.000085
1 0.000315 0.000155 0.000029 0.000088
1 0.000279 0.000276 0.000029 0.000091
1 0.000243 0.000267 0.000028 0.000082
1 0.000243 0.000388 0.000027 0.000093
1 0.000314 0.000271 0.000028 0.000087
1 0.000278 0.000388 0.000028 0.000087
1 0.000352 0.000155 0.000028 0.000087
1 0.000277 0.000161 0.000028 0.000091
>>>>>>> c84ae07f24c73e3b680a7683f994e9be744fc754
