<<<<<<< HEAD
1 225 826 92 92
1 108 946 96 96
1 -1 834 79 102
1 225 946 98 94
1 -2 949 81 97
1 -3 1056 82 76
1 343 826 88 94
1 111 1066 90 97
1 104 828 92 96
=======
1 0.000074 0.000748 0.000025 0.000079
1 0.000042 0.000852 0.000026 0.000082
1 0.000010 0.000759 0.000021 0.000087
1 0.000074 0.000851 0.000027 0.000081
1 0.000010 0.000855 0.000022 0.000083
1 0.000010 0.000938 0.000022 0.000065
1 0.000105 0.000748 0.000024 0.000081
1 0.000042 0.000956 0.000024 0.000083
1 0.000041 0.000751 0.000025 0.000082
>>>>>>> c84ae07f24c73e3b680a7683f994e9be744fc754
