<<<<<<< HEAD
0 1154 804 86 84
0 1034 803 90 88
0 1152 919 82 84
0 920 686 86 86
0 1036 687 88 88
0 919 921 84 82
0 920 805 85 84
0 1152 689 85 85
0 1036 920 85 85
=======
0 0.000325 0.000725 0.000023 0.000072
0 0.000293 0.000726 0.000024 0.000075
0 0.000324 0.000824 0.000022 0.000072
0 0.000261 0.000625 0.000023 0.000074
0 0.000293 0.000627 0.000024 0.000075
0 0.000261 0.000825 0.000023 0.000070
0 0.000261 0.000726 0.000023 0.000072
0 0.000324 0.000627 0.000023 0.000073
0 0.000293 0.000825 0.000023 0.000073
>>>>>>> c84ae07f24c73e3b680a7683f994e9be744fc754
