<<<<<<< HEAD
1 626 614 106 104
1 492 752 104 104
1 362 747 100 98
1 361 614 98 96
1 623 749 108 102
1 359 878 102 104
1 763 615 98 101
1 489 886 104 101
1 489 618 107 106
=======
1 0.000184 0.000571 0.000029 0.000089
1 0.000148 0.000689 0.000028 0.000089
1 0.000112 0.000682 0.000027 0.000084
1 0.000111 0.000568 0.000027 0.000082
1 0.000184 0.000686 0.000029 0.000087
1 0.000111 0.000797 0.000028 0.000089
1 0.000220 0.000571 0.000027 0.000087
1 0.000147 0.000803 0.000028 0.000087
1 0.000147 0.000575 0.000029 0.000091
>>>>>>> c84ae07f24c73e3b680a7683f994e9be744fc754
