<<<<<<< HEAD
0 680 807 86 82
0 443 925 84 82
0 560 807 86 84
0 561 690 88 88
0 678 921 88 84
0 444 689 84 84
0 684 683 86 96
0 445 805 85 86
0 561 922 89 84
=======
0 0.000196 0.000727 0.000023 0.000070
0 0.000132 0.000828 0.000023 0.000070
0 0.000164 0.000728 0.000023 0.000072
0 0.000164 0.000629 0.000024 0.000075
0 0.000196 0.000826 0.000024 0.000072
0 0.000132 0.000627 0.000023 0.000072
0 0.000197 0.000627 0.000023 0.000082
0 0.000132 0.000727 0.000023 0.000074
0 0.000164 0.000826 0.000024 0.000072
>>>>>>> c84ae07f24c73e3b680a7683f994e9be744fc754
