<<<<<<< HEAD
1 1326 612 108 102
1 1596 614 110 104
1 1594 750 112 108
1 1461 749 110 104
1 1325 745 108 102
1 1731 616 98 100
1 1458 616 112 104
1 1329 877 98 104
1 1461 884 110 106
=======
1 0.000374 0.000568 0.000029 0.000087
1 0.000448 0.000571 0.000030 0.000089
1 0.000448 0.000689 0.000030 0.000093
1 0.000411 0.000687 0.000030 0.000089
1 0.000374 0.000682 0.000029 0.000087
1 0.000483 0.000571 0.000027 0.000086
1 0.000411 0.000573 0.000030 0.000089
1 0.000374 0.000796 0.000027 0.000089
1 0.000411 0.000803 0.000030 0.000091
>>>>>>> c84ae07f24c73e3b680a7683f994e9be744fc754
