<<<<<<< HEAD
1 1108 611 102 102
1 847 612 100 102
1 847 745 102 98
1 974 749 104 100
1 1107 750 104 104
1 1244 613 108 106
1 975 616 106 106
1 976 881 104 102
1 846 874 102 102
=======
1 0.000314 0.000568 0.000028 0.000087
1 0.000243 0.000568 0.000027 0.000087
1 0.000244 0.000681 0.000028 0.000084
1 0.000278 0.000685 0.000028 0.000086
1 0.000314 0.000688 0.000028 0.000089
1 0.000352 0.000571 0.000029 0.000091
1 0.000279 0.000574 0.000029 0.000091
1 0.000279 0.000799 0.000028 0.000087
1 0.000243 0.000793 0.000028 0.000087
>>>>>>> c84ae07f24c73e3b680a7683f994e9be744fc754
