<<<<<<< HEAD
1 1106 373 103 98
1 847 374 98 100
1 1104 510 108 104
1 846 505 101 103
1 976 510 106 108
1 848 633 98 103
1 1243 374 104 98
1 973 376 105 103
1 974 643 103 103
=======
1 0.000314 0.000362 0.000028 0.000084
1 0.000243 0.000364 0.000027 0.000086
1 0.000314 0.000482 0.000029 0.000089
1 0.000243 0.000477 0.000027 0.000088
1 0.000279 0.000484 0.000029 0.000093
1 0.000243 0.000587 0.000027 0.000088
1 0.000351 0.000363 0.000028 0.000084
1 0.000278 0.000367 0.000028 0.000088
1 0.000278 0.000595 0.000028 0.000088
>>>>>>> c84ae07f24c73e3b680a7683f994e9be744fc754
