<<<<<<< HEAD
0 1394 923 86 86
0 1629 807 84 82
0 1626 921 82 82
0 1394 686 80 84
0 1512 689 90 94
0 1509 805 90 90
0 1397 801 84 84
0 1633 685 74 74
0 1513 920 86 82
=======
0 0.000390 0.000828 0.000023 0.000074
0 0.000453 0.000727 0.000023 0.000070
0 0.000452 0.000825 0.000022 0.000070
0 0.000389 0.000624 0.000022 0.000072
0 0.000422 0.000631 0.000024 0.000081
0 0.000422 0.000729 0.000024 0.000077
0 0.000390 0.000723 0.000023 0.000072
0 0.000453 0.000619 0.000020 0.000063
0 0.000422 0.000824 0.000023 0.000070
>>>>>>> c84ae07f24c73e3b680a7683f994e9be744fc754
