<<<<<<< HEAD
0 1629 569 84 82
0 1514 450 92 90
0 1510 568 88 86
0 1392 683 82 84
0 1396 449 84 86
0 1626 686 80 86
0 1397 565 82 84
0 1513 685 84 82
0 1631 452 86 83
=======
0 0.000453 0.000523 0.000023 0.000070
0 0.000423 0.000424 0.000025 0.000077
0 0.000422 0.000524 0.000024 0.000074
0 0.000389 0.000622 0.000022 0.000072
0 0.000390 0.000422 0.000023 0.000074
0 0.000452 0.000625 0.000022 0.000074
0 0.000390 0.000520 0.000022 0.000072
0 0.000422 0.000622 0.000023 0.000070
0 0.000454 0.000423 0.000023 0.000071
>>>>>>> c84ae07f24c73e3b680a7683f994e9be744fc754
