<<<<<<< HEAD
0 1152 570 84 82
0 920 451 88 86
0 1033 568 90 84
0 1035 452 86 86
0 1149 683 86 84
0 918 684 86 82
0 1034 684 89 86
0 920 567 85 84
0 1152 455 86 85
=======
0 0.000324 0.000524 0.000023 0.000070
0 0.000262 0.000424 0.000024 0.000074
0 0.000292 0.000523 0.000024 0.000072
0 0.000292 0.000424 0.000023 0.000074
0 0.000323 0.000622 0.000023 0.000072
0 0.000261 0.000622 0.000023 0.000070
0 0.000293 0.000623 0.000024 0.000074
0 0.000261 0.000522 0.000023 0.000072
0 0.000324 0.000427 0.000023 0.000073
>>>>>>> c84ae07f24c73e3b680a7683f994e9be744fc754
