<<<<<<< HEAD
1 1327 371 104 102
1 1596 371 106 102
1 1459 506 112 104
1 1593 508 106 104
1 1324 503 110 100
1 1327 636 96 106
1 1730 372 106 104
1 1459 642 108 104
1 1458 375 110 106
=======
1 0.000374 0.000362 0.000028 0.000087
1 0.000447 0.000362 0.000029 0.000087
1 0.000411 0.000478 0.000030 0.000089
1 0.000447 0.000480 0.000029 0.000089
1 0.000374 0.000474 0.000030 0.000086
1 0.000373 0.000591 0.000026 0.000091
1 0.000484 0.000364 0.000029 0.000089
1 0.000410 0.000595 0.000029 0.000089
1 0.000410 0.000367 0.000030 0.000091
>>>>>>> c84ae07f24c73e3b680a7683f994e9be744fc754
