<<<<<<< HEAD
0 562 453 90 88
0 681 570 84 82
0 561 570 88 84
0 680 683 84 82
0 445 453 84 84
0 443 688 84 80
0 563 685 87 85
0 681 455 84 80
0 446 568 88 83
=======
0 0.000165 0.000426 0.000024 0.000075
0 0.000196 0.000524 0.000023 0.000070
0 0.000164 0.000525 0.000024 0.000072
0 0.000196 0.000621 0.000023 0.000070
0 0.000132 0.000424 0.000023 0.000072
0 0.000132 0.000624 0.000023 0.000069
0 0.000165 0.000624 0.000024 0.000073
0 0.000196 0.000424 0.000023 0.000069
0 0.000133 0.000523 0.000024 0.000071
>>>>>>> c84ae07f24c73e3b680a7683f994e9be744fc754
