<<<<<<< HEAD
1 624 374 108 99
1 492 508 104 104
1 362 371 102 100
1 624 508 106 102
1 363 505 100 94
1 766 378 110 107
1 361 635 104 98
1 492 646 104 110
1 488 377 106 103
=======
1 0.000184 0.000363 0.000029 0.000085
1 0.000148 0.000480 0.000028 0.000089
1 0.000112 0.000361 0.000028 0.000086
1 0.000184 0.000479 0.000029 0.000087
1 0.000112 0.000473 0.000027 0.000081
1 0.000223 0.000370 0.000030 0.000092
1 0.000112 0.000586 0.000028 0.000084
1 0.000148 0.000601 0.000028 0.000094
1 0.000147 0.000367 0.000029 0.000088
>>>>>>> c84ae07f24c73e3b680a7683f994e9be744fc754
